Recursive: 1.46875
Iterative: 1.46875
Recursive: 1.4999999999999996
Iterative: 1.4999999999999996
Recursive: 1.4999999999999998
Iterative: 1.4999999999999998
